31

0
0.000000
2.820000
0.000000
-2.330000
0.000000
28.000000
0.000000
0.000000
0.000000
0.000000
0.000000
-2.000000
0.000000
0.000000
0.000000
0.000000
0.000000
0.000000
0.000000
0.000000
0.000000
0.000000
0.000000
0.000000
0.000000
8.000000
0.000000

1
0.200000
2.780000
0.000000
-2.310000
0.000000
28.000000
0.000000
0.000000
0.000000
0.000000
0.000000
-2.000000
0.000000
5.000000
0.000000
0.000000
-10.000000
0.000000
0.000000
10.000000
0.020000
0.000000
0.000000
0.000000
0.000000
8.000000
0.000000

2
0.400000
2.740000
0.000000
-2.290000
0.000000
28.000000
0.000000
0.000000
0.000000
0.000000
0.000000
-2.000000
0.000000
10.000000
0.000000
0.000000
-20.000000
0.000000
0.000000
20.000000
0.040000
0.000000
0.000000
0.000000
0.000000
8.000000
0.000000

3
0.600000
2.700000
0.000000
-2.270000
0.000000
28.000000
0.000000
0.000000
0.000000
0.000000
0.000000
-2.000000
0.000000
15.000000
0.000000
0.000000
-30.000000
0.000000
0.000000
30.000000
0.060000
0.000000
0.000000
0.000000
0.000000
8.000000
0.000000

4
0.800000
2.660000
0.000000
-2.250000
0.000000
28.000000
0.000000
0.000000
0.000000
0.000000
0.000000
-2.000000
0.000000
20.000000
0.000000
0.000000
-20.000000
0.000000
0.000000
20.000000
0.080000
0.000000
0.000000
0.000000
0.000000
8.000000
0.000000

5
1.000000
2.620000
0.000000
-2.230000
0.000000
28.000000
0.000000
0.000000
0.000000
0.000000
0.000000
-2.000000
0.000000
20.000000
0.000000
0.000000
-10.000000
0.000000
0.000000
10.000000
0.100000
0.000000
0.000000
0.000000
0.000000
8.000000
0.000000

6
1.200000
2.580000
0.000000
-2.210000
0.000000
28.000000
0.000000
0.000000
0.000000
0.000000
0.000000
-2.000000
0.000000
15.000000
0.000000
0.000000
10.000000
0.000000
0.000000
-10.000000
0.120000
0.000000
0.000000
0.000000
0.000000
8.000000
0.000000

7
1.400000
2.540000
0.000000
-2.190000
0.000000
28.000000
0.000000
0.000000
0.000000
0.000000
0.000000
-2.000000
0.000000
10.000000
0.000000
0.000000
20.000000
0.000000
0.000000
-20.000000
0.100000
0.000000
0.000000
0.000000
0.000000
8.000000
0.000000

8
1.600000
2.500000
0.000000
-2.170000
0.000000
28.000000
0.000000
0.000000
0.000000
0.000000
0.000000
-2.000000
0.000000
5.000000
0.000000
0.000000
30.000000
0.000000
0.000000
-30.000000
0.080000
0.000000
0.000000
0.000000
0.000000
8.000000
0.000000

9
1.800000
2.460000
0.000000
-2.150000
0.000000
28.000000
0.000000
0.000000
0.000000
0.000000
0.000000
-2.000000
0.000000
0.000000
0.000000
0.000000
20.000000
0.000000
0.000000
-20.000000
0.080000
0.000000
0.000000
0.000000
0.000000
8.000000
0.000000

10
2.000000
2.420000
0.000000
-2.130000
0.000000
28.000000
0.000000
0.000000
0.000000
0.000000
0.000000
-2.000000
0.000000
-5.000000
0.000000
0.000000
10.000000
0.000000
0.000000
-10.000000
0.060000
0.000000
0.000000
0.000000
0.000000
8.000000
0.000000

11
2.200000
2.380000
0.000000
-2.110000
0.000000
28.000000
0.000000
0.000000
0.000000
0.000000
0.000000
-2.000000
0.000000
-10.000000
0.000000
0.000000
0.000000
0.000000
0.000000
0.000000
0.040000
0.000000
0.000000
0.000000
0.000000
8.000000
0.000000

12
2.400000
2.340000
0.000000
-2.110000
0.000000
28.000000
0.000000
0.000000
0.000000
0.000000
0.000000
-2.000000
0.000000
-5.000000
0.000000
0.000000
0.000000
0.000000
0.000000
0.000000
0.020000
0.000000
0.000000
0.000000
0.000000
8.000000
0.000000

13
2.600000
2.300000
0.000000
-2.110000
0.000000
28.000000
0.000000
0.000000
0.000000
0.000000
0.000000
-2.000000
0.000000
0.000000
0.000000
0.000000
0.000000
0.000000
0.000000
0.000000
0.000000
0.000000
0.000000
0.000000
0.000000
8.000000
0.000000

14
2.800000
2.300000
0.000000
-2.110000
0.000000
38.000000
0.000000
0.000000
0.000000
0.000000
0.000000
-2.000000
0.000000
0.000000
0.000000
0.000000
0.000000
0.000000
0.000000
0.000000
0.000000
0.000000
0.000000
0.000000
0.000000
8.000000
0.000000

15
3.000000
2.300000
0.000000
-2.110000
0.000000
48.000000
0.000000
0.000000
0.000000
0.000000
0.000000
-2.000000
0.000000
0.000000
0.000000
0.000000
0.000000
0.000000
0.000000
0.000000
0.000000
0.000000
0.000000
0.000000
0.000000
8.000000
0.000000

16
3.200000
2.300000
0.000000
-2.110000
0.000000
58.000000
0.000000
0.000000
0.000000
0.000000
0.000000
-2.000000
0.000000
0.000000
0.000000
0.000000
0.000000
0.000000
0.000000
0.000000
0.000000
0.000000
0.000000
0.000000
0.000000
8.000000
0.000000

17
3.400000
2.300000
0.000000
-2.110000
0.000000
68.000000
0.000000
0.000000
0.000000
0.000000
0.000000
-2.000000
0.000000
0.000000
0.000000
0.000000
0.000000
0.000000
0.000000
0.000000
0.000000
0.000000
0.000000
0.000000
0.000000
8.000000
0.000000

18
3.600000
2.300000
0.000000
-2.110000
0.000000
78.000000
0.000000
0.000000
0.000000
0.000000
0.000000
-2.000000
0.000000
0.000000
0.000000
0.000000
0.000000
0.000000
0.000000
0.000000
0.000000
0.000000
0.000000
0.000000
0.000000
8.000000
0.000000

19
3.800000
2.300000
0.000000
-2.110000
0.000000
78.000000
0.000000
0.000000
0.000000
0.000000
0.000000
-2.000000
0.000000
0.000000
0.000000
0.000000
0.000000
0.000000
0.000000
0.000000
0.000000
0.000000
0.000000
0.000000
0.000000
8.000000
0.000000

20
4.000000
2.300000
0.000000
-2.110000
0.000000
78.000000
0.000000
0.000000
5.000000
0.000000
0.000000
-5.000000
0.000000
0.000000
0.000000
0.000000
0.000000
0.000000
0.000000
0.000000
0.020000
0.000000
0.000000
0.000000
0.000000
8.000000
0.000000

21
4.200000
2.300000
0.100000
-2.110000
0.000000
78.000000
0.000000
0.000000
10.000000
0.000000
0.000000
-10.000000
0.000000
0.000000
-5.000000
0.000000
0.000000
5.000000
0.000000
0.000000
0.040000
0.000000
0.000000
0.000000
0.000000
8.000000
0.000000

22
4.400000
2.300000
0.200000
-2.110000
0.000000
78.000000
0.000000
0.000000
15.000000
0.000000
0.000000
-15.000000
0.000000
0.000000
-10.000000
0.000000
0.000000
10.000000
0.000000
0.000000
0.060000
0.000000
0.000000
0.000000
0.000000
8.000000
0.000000

23
4.600000
2.300000
0.300000
-2.110000
0.000000
78.000000
0.000000
0.000000
20.000000
0.000000
0.000000
-20.000000
0.000000
0.000000
-15.000000
0.000000
0.000000
15.000000
0.000000
0.000000
0.080000
0.000000
0.000000
0.000000
0.000000
8.000000
0.000000

24
4.800000
2.300000
0.400000
-2.110000
0.000000
78.000000
0.000000
0.000000
25.000000
0.000000
0.000000
-25.000000
0.000000
0.000000
-20.000000
0.000000
0.000000
20.000000
0.000000
0.000000
0.100000
0.000000
0.000000
0.000000
0.000000
8.000000
0.000000

25
5.000000
2.300000
0.300000
-2.110000
0.000000
78.000000
0.000000
0.000000
30.000000
0.000000
0.000000
-30.000000
0.000000
0.000000
-15.000000
0.000000
0.000000
15.000000
0.000000
0.000000
0.120000
0.000000
0.000000
0.000000
0.000000
8.000000
0.000000

26
5.200000
2.300000
0.200000
-2.110000
0.000000
78.000000
0.000000
0.000000
35.000000
0.000000
0.000000
-35.000000
0.000000
0.000000
-10.000000
0.000000
0.000000
10.000000
0.000000
0.000000
0.140000
0.000000
0.000000
0.000000
0.000000
8.000000
0.000000

27
5.400000
2.300000
0.000000
-2.110000
0.000000
78.000000
0.000000
0.000000
40.000000
0.000000
0.000000
-40.000000
0.000000
0.000000
0.000000
0.000000
0.000000
0.000000
0.000000
0.000000
0.140000
0.000000
0.000000
0.000000
0.000000
8.000000
0.000000

28
5.600000
2.300000
0.000000
-2.110000
5.000000
78.000000
0.000000
0.000000
40.000000
0.000000
0.000000
-40.000000
0.000000
0.000000
0.000000
0.000000
0.000000
0.000000
0.000000
0.000000
0.140000
0.000000
0.000000
0.000000
0.000000
8.000000
0.000000

29
5.800000
2.300000
0.000000
-2.110000
10.000000
78.000000
0.000000
0.000000
40.000000
0.000000
0.000000
-40.000000
0.000000
0.000000
0.000000
0.000000
0.000000
0.000000
0.000000
0.000000
0.140000
0.000000
0.000000
0.000000
0.000000
8.000000
0.000000

30
6.000000
2.300000
0.000000
-2.110000
15.000000
78.000000
0.000000
0.000000
40.000000
0.000000
0.000000
-40.000000
0.000000
0.000000
0.000000
0.000000
0.000000
0.000000
0.000000
0.000000
0.140000
0.000000
0.000000
0.000000
0.000000
8.000000
0.000000

31
6.600000
2.300000
0.000000
-2.110000
15.000000
78.000000
0.000000
0.000000
40.000000
0.000000
0.000000
-40.000000
0.000000
0.000000
0.000000
0.000000
0.000000
0.000000
0.000000
0.000000
0.140000
0.000000
0.000000
0.000000
0.000000
8.000000
0.000000

